Ipsos: 15–20 May 2026; 1,009; 19.1; 19.7; 8.3; 7.8; 2.5; –; 5.9; 8.2; 2.7; 11.2; 3.2; 4.7; 3.1; –; –; 0.6
NMS: 6–10 May 2026; 1,002; 17.0; 19.8; 7.1; 8.2; 2.3; 0.4; 5.5; 7.5; 2.7; 11.8; 3.9; 5.9; 3.5; 1.1; 2.8; 2.8
Focus: 5–11 May 2026; 1,017; 18.1; 18.3; 8.4; 9.4; 0.9; 0.4; 7.5; 7.2; 4.5; 9.7; 3.8; 5.2; 3.1; –; 2.0; 0.2
Ipsos: 17–22 Apr 2026; 1,046; 17.4; 19.2; 6.8; 9.4; 1.3; –; 7.1; 8.3; 3.2; 11.1; 4.0; 6.0; 2.8; –; 1.4; 1.8
AKO: 8–17 Apr 2026; 1,000; 17.8; 20.8; 8.9; 7.7; –; –; 7.6; 8.2; 4.9; 8.0; 4.7; 6.0; 2.8; 0.4; 2.2; 3.0
NMS: 8–13 Apr 2026; 1,001; 17.3; 20.2; 7.0; 7.1; 2.2; 0.6; 5.3; 7.3; 2.8; 13.6; 4.2; 5.8; 3.8; 0.8; 1.8; 2.9
Focus: 20–27 Mar 2026; 1,038; 17.1; 19.1; 8.2; 8.5; –; –; 6.4; 7.1; 4.4; 10.6; 3.9; 5.4; 3.6; –; –; 2.0
Ipsos: 16–19 Mar 2026; 1,008; 20.0; 20.6; 8.2; 7.9; –; –; 6.3; 7.2; 2.4; 11.3; 4.3; 6.0; 2.2; –; –; 0.6
AKO: 10–18 Mar 2026; 1,000; 17.1; 20.1; 8.7; 8.6; 0.3; 0.2; 7.2; 7.7; 4.8; 8.6; 4.1; 5.8; 3.9; –; 2.8; 3.0
NMS: 4–9 Mar 2026; 1,005; 16.7; 21.4; 7.6; 7.1; 1.6; 0.9; 4.8; 7.6; 2.3; 13.5; 4.2; 5.1; 3.6; 1.1; 2.9; 4.7
Ipsos: 16–20 Feb 2026; 1,037; 18.4; 18.8; 7.4; 8.8; –; –; 6.0; 8.4; 2.8; 11.7; 4.7; 6.2; 2.5; –; 1.3; 0.4
AKO: 10–19 Feb 2026; 1,000; 16.4; 20.6; 8.8; 9.3; –; –; 7.4; 7.9; 4.8; 8.7; 4.6; 6.2; 2.9; –; 2.4; 4.2
NMS: 4–8 Feb 2026; 1,003; 17.6; 19.1; 6.2; 7.5; 2.3; 0.8; 4.9; 7.4; 3.0; 13.4; 4.0; 5.7; 3.5; 1.7; 2.9; 1.5
Focus: 3–9 Feb 2026; 1,014; 17.7; 19.3; 8.1; 9.7; –; –; 6.9; 7.6; 4.1; 9.9; 4.7; 5.6; 2.3; –; 1.9; 1.6
Ipsos: 15–20 Jan 2026; 1,034; 17.6; 20.5; 7.3; 8.3; –; –; 6.8; 8.4; 2.4; 12.3; 3.5; 5.2; 2.4; –; –; 2.9
AKO: 13–20 Jan 2026; 1,000; 16.9; 23.2; 9.2; 8.0; –; –; 7.0; 7.5; 4.7; 7.2; 4.3; 6.3; 2.3; 0.2; 3.2; 6.3
NMS: 8–11 Jan 2026; 1,003; 17.8; 20.8; 6.5; 7.2; 2.0; 0.6; 6.4; 6.0; 2.8; 12.9; 4.6; 5.5; 3.2; 1.6; 1.7; 3.0
AKO: 9–16 Dec 2025; 1,000; 17.0; 23.6; 9.6; 8.9; –; –; 6.6; 7.4; 4.7; 7.0; 3.9; 5.4; 2.2; 0.2; 3.5; 6.6
Focus: 1–9 Dec 2025; 1,050; 17.4; 21.7; 8.8; 8.4; –; –; 7.2; 6.7; 4.3; 9.3; 4.0; 5.5; 2.3; –; 2.2; 4.3
NMS: 28 Nov–2 Dec 2025; 1,006; 18.3; 22.6; 6.5; 7.6; 1.5; 0.6; 5.3; 6.3; 2.2; 11.9; 3.7; 5.9; 3.9; 1.1; 1.9; 4.3
Ipsos: 24–28 Nov 2025; 1,018; 17.8; 23.6; 7.8; 9.5; 1.0; –; 5.5; 6.7; 2.2; 10.7; 3.7; 5.1; 2.8; –; 3.7; 5.8
Focus: 11–18 Nov 2025; 1,015; 16.5; 22.1; 9.1; 8.9; –; –; 6.3; 6.5; 4.2; 10.0; 4.6; 5.2; 2.1; –; 2.0; 5.6
AKO: 11–18 Nov 2025; 1,000; 17.1; 23.3; 10.4; 8.2; –; –; 6.5; 7.5; 4.6; 6.9; 3.4; 5.3; 3.0; –; 2.5; 6.2
NMS: 5–9 Nov 2025; 1,002; 16.3; 23.1; 7.5; 8.3; 1.6; 0.6; 5.4; 6.3; 2.4; 12.1; 4.0; 5.3; 3.6; 1.6; 1.9; 6.8
Ipsos: 15–20 Oct 2025; 1,020; 18.5; 21.6; 9.1; 7.8; –; –; 6.5; 7.3; 3.6; 10.0; 3.4; 5.4; 3.4; –; –; 3.1
Focus: 13–21 Oct 2025; 1,028; 17.0; 23.1; 9.4; 8.3; –; –; 6.7; 6.3; 4.3; 9.8; 4.0; 5.2; 3.8; –; –; 6.1
AKO: 7–18 Oct 2025; 1,000; 17.9; 22.8; 10.8; 7.5; –; –; 6.8; 7.1; 4.5; 8.6; 3.8; 5.1; 3.5; –; 1.6; 4.9
NMS: 1–5 Oct 2025; 1,002; 17.9; 24.8; 8.3; 6.4; 1.4; 1.4; 5.4; 5.9; 2.0; 11.8; 4.4; 5.2; 3.2; 1.2; 0.3; 6.9
AKO: 8–22 Sep 2025; 1,000; 17.4; 23.1; 11.0; 8.7; 0.2; –; 7.2; 7.4; 4.6; 8.2; 2.9; 4.9; 3.5; –; 0.9; 5.7
Ipsos: 17–21 Sep 2025; 1,053; 18.4; 22.8; 8.3; 7.3; –; –; 6.8; 7.7; 3.5; 10.9; 3.5; 4.4; 3.6; –; –; 4.4
Focus: 10–17 Sep 2025; 1,086; 18.2; 22.0; 9.7; 8.5; –; –; 6.1; 6.1; 4.3; 9.7; 4.3; 5.1; 3.0; –; –; 3.8
NMS: 3–7 Sep 2025; 1,002; 20.1; 22.1; 9.5; 7.1; 1.7; 0.4; 5.7; 6.1; 2.0; 10.2; 4.1; 5.5; 3.2; 0.8; 0.2; 2.0
Ipsos: 15–19 Aug 2025; 1,072; 20.0; 22.5; 9.8; 7.5; 0.9; –; 6.0; 7.1; 2.7; 10.3; 3.6; 5.2; 2.0; 1.0; 0.7; 2.5
Focus: 6–19 Aug 2025; 3,100; 18.7; 21.2; 10.1; 8.2; –; –; 6.7; 6.3; 4.4; 9.9; 4.6; 4.8; –; –; –; 2.5
AKO: 5–11 Aug 2025; 1,000; 18.2; 22.1; 11.3; 7.6; –; 0.5; 7.1; 7.9; 4.5; 7.4; 4.0; 4.8; 3.6; –; 1.0; 3.9
NMS: 6–10 Aug 2025; 1,000; 17.4; 23.9; 9.2; 8.2; 1.8; 0.6; 6.0; 6.2; 2.7; 10.4; 3.7; 4.5; 3.4; 1.3; 0.2; 6.5
AKO: 8–15 Jul 2025; 1,000; 19.4; 22.1; 12.4; 8.3; –; –; 6.6; 7.5; 4.2; 8.0; 3.5; 4.1; 2.6; 0.4; 0.9; 2.7
Focus: 7–13 Jul 2025; 1,032; 19.6; 20.7; 11.7; 7.5; –; –; 6.3; 6.8; 3.8; 9.8; 4.0; 4.6; 2.5; –; –; 1.1
NMS: 2–7 Jul 2025; 1,009; 18.1; 20.9; 9.7; 7.1; 2.8; 0.4; 6.2; 6.7; 2.9; 10.3; 3.9; 5.2; 3.8; 1.5; 0.2; 2.8
AKO: 11–19 Jun 2025; 1,000; 19.3; 22.5; 12.1; 8.0; –; –; 6.9; 7.3; 4.1; 8.1; 3.4; 4.8; 2.7; –; 0.8; 3.2
Ipsos: 16–19 Jun 2025; 1,004; 19.7; 21.7; 10.3; 7.3; –; –; 6.3; 6.1; 2.5; 9.9; 4.3; 4.5; 3.1; –; –; 2.0
Focus: 2–9 Jun 2025; 1,034; 18.8; 20.2; 10.5; 8.5; –; –; 7.5; 6.1; 3.7; 9.7; 4.8; 4.8; 3.4; –; –; 1.4
NMS: 4–8 Jun 2025; 1,003; 19.8; 23.0; 9.0; 7.1; 3.0; 0.6; 6.4; 5.7; 2.5; 9.4; 3.2; 4.9; 3.1; 1.5; 0.1; 3.2
AKO: 19–26 May 2025; 1,000; 19.0; 21.5; 12.1; 8.8; –; –; 7.8; 7.2; 4.2; 7.3; 3.5; 4.5; 3.0; –; 1.1; 2.5
Focus: 12–19 May 2025; 1,000; 19.1; 20.9; 10.6; 7.8; –; –; 7.3; 6.8; 3.9; 7.9; 4.6; 4.6; 3.2; –; –; 1.8
Ipsos: 12–16 May 2025; 1,013; 19.6; 21.9; 8.4; 7.3; 1.3; –; 7.5; 6.6; 3.0; 9.3; 4.8; 4.7; 3.6; 1.1; 0.9; 2.3
NMS: 30 Apr–4 May 2025; 1,007; 20.6; 22.8; 8.9; 7.7; 1.5; 0.8; 6.4; 6.1; 2.3; 8.8; 4.0; 4.8; 3.5; 1.3; 0.2; 2.2
AKO: 10–17 Apr 2025; 1,000; 20.5; 22.5; 12.0; 8.7; 0.1; 0.2; 7.3; 7.1; 4.1; 7.0; 4.0; 4.2; 1.5; –; 0.8; 2.0
Focus: 1–8 Apr 2025; 1,020; 19.3; 21.0; 10.9; 7.3; –; –; 8.4; 6.6; 3.9; 8.2; 4.7; 4.3; –; –; –; 1.7
NMS: 2–6 Apr 2025; 1,005; 19.9; 23.4; 8.5; 6.8; 2.3; 0.6; 6.9; 6.5; 1.9; 9.2; 3.8; 4.8; 3.7; 1.2; 0.2; 3.5
AKO: 11–19 Mar 2025; 1,000; 21.2; 21.7; 12.3; 7.3; –; –; 7.8; 6.6; 4.0; 7.3; 4.4; 4.0; 2.4; 0.2; 1.1; 0.5
Ipsos: 10–14 Mar 2025; 1,032; 22.1; 21.4; 12.5; 5.9; –; –; 7.8; 6.3; 2.0; 7.4; 3.9; 5.0; 2.5; –; –; 0.7
NMS: 5–9 Mar 2025; 1,001; 21.4; 23.8; 8.8; 6.8; 2.2; 0.8; 6.0; 6.2; 2.0; 8.1; 3.8; 4.1; 4.1; 0.8; 1.1; 2.4
Focus: 7–12 Feb 2025; 1,010; 21.7; 22.1; 11.8; 5.6; 0.6; 0.4; 7.8; 6.2; 3.7; 7.8; 4.6; 4.6; 2.6; –; 0.4; 0.4
AKO: 5–12 Feb 2025; 1,000; 22.1; 24.1; 12.5; 6.0; –; –; 6.9; 6.4; 4.1; 5.7; 3.1; 4.6; 2.9; 0.3; 1.3; 2.0
NMS: 5–9 Feb 2025; 1,001; 22.5; 24.6; 10.5; 5.8; 2.1; 0.9; 6.6; 6.1; 1.5; 7.4; 3.2; 3.0; 4.1; 0.8; 0.1; 2.1
AKO: 14–24 Jan 2025; 1,000; 22.5; 24.6; 13.0; 5.4; 0.3; –; 6.7; 7.1; 4.2; 5.1; 3.4; 4.6; 2.2; 0.8; 0.1; 2.1
Ipsos: 11–17 Jan 2025; 1,031; 22.2; 23.0; 11.1; 5.6; 1.9; –; 7.3; 6.3; 2.0; 7.7; 3.7; 4.0; 2.8; 1.1; 1.2; 0.8
NMS: 9–13 Jan 2025; 1,001; 18.4; 23.9; 11.5; 6.3; 2.3; 0.8; 5.9; 6.7; 2.1; 8.9; 3.4; 4.0; 3.6; 1.4; 0.2; 5.5
AKO: 16–19 Dec 2024; 1,000; 20.3; 22.8; 13.9; 6.2; 0.2; –; 7.3; 6.6; 4.6; 5.4; 3.2; 4.3; 3.8; 0.3; 1.1; 2.5
NMS: 4–9 Dec 2024; 1,000; 19.1; 24.8; 10.7; 6.5; 2.9; 0.7; 5.5; 4.8; 2.9; 9.5; 3.2; 3.9; 3.4; 1.4; 0.4; 5.7
Focus: 2–8 Dec 2024; 1,022; 20.8; 21.5; 13.8; 5.2; –; –; 6.9; 6.1; 3.7; 8.1; 5.6; 4.0; 2.2; –; –; 0.7
AKO: 12–20 Nov 2024; 1,000; 20.7; 21.2; 14.7; 6.6; –; 0.1; 6.7; 6.9; 4.7; 5.9; 3.7; 4.1; 3.6; 0.4; 0.7; 0.5
Focus: 6–13 Nov 2024; 1,018; 21.9; 22.6; 13.3; 3.6; –; –; 6.2; 6.7; 3.6; 8.6; 4.8; 4.6; 3.3; –; 0.8; 0.7
NMS: 7–11 Nov 2024; 1,000; 19.1; 25.1; 10.8; 4.7; 1.0; 0.3; 6.4; 6.0; 3.3; 8.7; 3.7; 4.4; 4.3; 1.0; 0.5; 6.0
Ipsos: 27 Oct–1 Nov 2024; 1,003; 21.9; 22.6; 12.8; 3.6; 1.6; 0.8; 6.9; 6.2; 2.4; 7.7; 4.0; 4.4; 3.0; 1.2; 0.6; 0.7
AKO: 8–17 Oct 2024; 1,000; 21.3; 21.3; 15.0; 5.9; 6.2; 6.5; 4.8; 6.8; 3.4; 4.7; 2.6; 0.6; 0.9; Tie
NMS: 2–7 Oct 2024; 1,000; 20.5; 24.4; 12.0; 5.2; 0.2; 6.9; 6.2; 2.9; 7.4; 3.6; 5.1; 3.9; 1.3; 0.7; 3.9
Focus: 17–26 Sep 2024; 1,017; 23.3; 22.1; 12.8; 4.1; 6.0; 5.6; 4.7; 7.9; 5.2; 5.0; 3.2; –; 0.1; 1.2
AKO: 10–16 Sep 2024; 1,000; 22.8; 22.4; 15.1; 3.9; 6.8; 6.4; 4.9; 5.4; 3.7; 4.9; 2.6; –; 0.9; 0.4
Ipsos: 6–10 Sep 2024; 1,025; 25.5; 21.6; 11.9; 4.9; 6.0; 7.0; 3.4; 6.3; 4.9; 5.1; 2.0; –; –; 3.9
NMS: 5–9 Sep 2024; 1,001; 23.9; 24.5; 12.6; 3.9; 0.6; 6.2; 6.1; 3.5; 6.0; 3.4; 3.3; 3.9; 1.2; –; 0.6
NMS: 8–12 Aug 2024; 1,014; 22.4; 23.1; 14.3; 4.4; 0.8; 6.2; 5.8; 3.2; 7.0; 3.2; 4.5; 3.2; 1.1; –; 0.7
AKO: 6–12 Aug 2024; 1,000; 23.6; 22.0; 15.9; 3.6; 6.9; 6.2; 4.9; 5.2; 3.4; 4.5; 2.7; 0.2; 0.9; 1.6
Focus: 9–14 Jul 2024; 1,013; 25.7; 21.3; 11.3; 4.4; 7.3; 7.2; 3.4; 6.5; 4.5; 4.7; 2.7; –; 1.0; 4.4
AKO: 9–15 Jul 2024; 1,000; 23.5; 21.7; 15.5; 3.5; 7.4; 5.6; 5.0; 5.6; 4.3; 4.4; 2.3; 0.5; 0.7; 1.8
NMS: 4–8 Jul 2024; 1,020; 22.5; 22.6; 13.1; 4.2; 1.2; 6.0; 5.1; 4.1; 7.0; 3.4; 4.6; 3.7; 1.5; 1.2; 0.1
Ipsos: 26 Jun–1 Jul 2024; 1,017; 25.2; 22.3; 13.5; 4.1; 6.3; 6.1; 3.1; 6.8; 4.3; 4.7; 1.8; 0.9; 0.8; 2.9
AKO: 11–18 Jun 2024; 1,000; 23.8; 22.8; 15.2; 4.7; 6.8; 5.3; 5.1; 6.0; 3.4; 4.1; 2.1; –; 0.8; 1.0
Focus: 5–12 Jun 2024; 1,025; 24.2; 21.6; 14.5; 4.1; 6.6; 6.1; 4.7; 7.3; 5.2; 3.6; 1.8; –; –; 2.6
European election: 8 Jun 2024; 1,476,968; 24.77; 27.82; 7.18; 1.99; 0.63; 7.15; 4.92; 1.90; 12.53; 3.80; 4.69; –; 0.48; 2.06; 3.05
NMS: 30 May–3 Jun 2024; 1,020; 22.4; 23.7; 15.8; 3.4; 0.9; 5.6; 5.6; 4.5; 7.4; 3.5; 2.9; 3.0; 0.8; –; 1.3
Ipsos: 14–21 May 2024; 743; 25.0; 21.0; 14.0; 4.9; 7.1; 8.0; 3.5; 5.1; 4.1; 3.4; 2.9; –; –; 4.0
AKO: 7–14 May 2024; 1,000; 21.8; 20.8; 17.2; 4.7; 7.3; 6.7; 5.2; 5.1; 3.9; 3.6; 3.1; –; 0.6; 1.0
NMS: 9–13 May 2024; 1,020; 20.9; 23.1; 14.9; 5.5; 0.7; 5.4; 6.6; 3.7; 7.9; 3.5; 3.4; 3.2; 0.6; –; 2.2
Focus: 17–24 Apr 2024; 1,017; 21.1; 19.7; 18.0; 5.2; 6.9; 7.0; 5.3; 5.5; 4.5; 3.5; 2.3; 0.9; 0.1; 1.4
AKO: 9–16 Apr 2024; 1,000; 21.2; 20.1; 16.5; 5.2; 7.9; 6.5; 5.1; 4.9; 4.9; 3.3; 2.3; 0.8; 1.3; 1.1
Focus: 28 Mar–4 Apr 2024; 1,015; 21.6; 20.1; 17.9; 6.4; 6.3; 5.4; 5.1; 4.6; 5.0; 3.7; 1.8; 1.9; –; 1.5
Ipsos: 16–19 Mar 2024; 1,009; 21.6; 20.2; 16.3; 5.8; 6.2; 6.7; 4.1; 5.0; 4.6; 3.8; 3.0; –; –; 1.4
AKO: 11–18 Mar 2024; 1,000; 22.1; 21.0; 15.9; 5.6; 8.1; 6.7; 5.1; 3.9; 4.6; 3.2; 2.0; 1.3; 0.5; 1.1
Ipsos: 12–16 Mar 2024; 1,038; 23.4; 20.8; 17.1; 5.6; 6.2; 6.3; 5.3; 4.2; 3.6; 2.6; 3.1; –; –; 2.6
Ipsos: 16–21 Feb 2024; 1,028; 22.7; 21.3; 16.5; 5.8; 6.7; 6.4; 4.2; 5.2; 3.4; 2.4; 3.2; 1.6; 0.5; 1.4
Focus: 14–21 Feb 2024; 1,025; 21.1; 18.9; 17.2; 5.9; 6.1; 6.2; 5.8; 4.2; 5.4; 3.5; 2.6; 2.7; 0.4; 2.2
NMS: 14–18 Feb 2024; 1,022; 21.0; 22.0; 16.9; 6.0; 7.2; 5.7; 4.2; 5.8; 3.3; 2.5; 3.6; 1.6; 0.2; 1.0
AKO: 5–12 Feb 2024; 1,000; 24.0; 22.6; 14.5; 6.0; 8.2; 6.2; 5.3; 3.7; 4.6; 1.5; 2.8; 0.2; 0.4; 1.4
Ipsos: 22–25 Jan 2024; 1,022; 24.5; 20.6; 15.4; 5.3; 6.6; 6.6; 4.3; 5.1; 4.0; 3.0; 2.4; 1.6; 0.5; 3.9
Focus: 16–23 Jan 2024; 1,015; 21.6; 19.4; 17.9; 6.5; 6.2; 5.5; 5.7; 4.8; 4.6; 3.5; 2.4; 1.7; 0.2; 2.2
AKO: 11–16 Jan 2024; 1,048; 22.1; 19.9; 14.3; 7.0; 8.7; 6.0; 5.4; 5.3; 4.3; 3.2; 2.4; 1.0; 0.4; 2.2
NMS: 10–14 Jan 2024; 1,030; 22.3; 21.1; 14.7; 6.0; 6.9; 6.9; 4.5; 6.5; 3.4; 3.1; 3.3; 0.5; 0.7; 1.2
Ipsos: 13–18 Dec 2023; 1,048; 24.1; 19.4; 15.7; 5.9; 6.4; 7.1; 4.8; 5.2; 4.0; 3.6; 2.7; 0.8; 0.5; 4.7
AKO: 11–13 Dec 2023; 1,000; 24.2; 21.4; 14.6; 6.8; 7.3; 6.4; 5.3; 5.4; 3.6; 2.0; 2.3; 0.2; –; 2.8
Focus: 15–22 Nov 2023; 1,015; 23.8; 17.9; 14.6; 6.4; 7.5; 6.4; 5.8; 5.3; 5.0; 2.9; 2.8; 1.2; 0.4; 5.9
AKO: 7–14 Nov 2023; 1,000; 24.0; 20.1; 15.4; 6.6; 6.9; 5.9; 5.4; 4.9; 4.4; 2.3; 2.7; 0.3; 0.1; 3.9
Ipsos: 2–7 Nov 2023; 1,021; 24.0; 19.1; 15.1; 7.0; 5.8; 6.3; 5.1; 5.8; 4.4; 3.1; 2.3; 1.1; 1.0; 4.9
2023 election: 30 Sep 2023; 2,967,896; 22.95; 17.96; 14.70; 8.90; 6.82; 6.32; 5.63; 4.75; 4.39; 2.93; 2.21; 0.84; 1.60; 4.99
